Name	ch_type	x	y	z	ex	ey	ez
MLC11	grad	0.086	0.0103	0.1355	0.346	0.0418	0.9373
MLC12	grad	0.0742	0.0286	0.1379	0.2638	0.1842	0.9468
MLC13	grad	0.0659	0.0488	0.1335	0.2456	0.3738	0.8944
MLC14	grad	0.0535	0.0678	0.1269	0.2278	0.5748	0.786
MLC15	grad	0.0403	0.0822	0.1182	0.1537	0.6329	0.7588
MLC16	grad	0.0243	0.0921	0.1072	0.1428	0.8536	0.5009
MLC17	grad	0.0065	0.0961	0.0911	-0.1102	0.9547	0.2762
MLC21	grad	0.053	0.0316	0.1426	0.2195	0.2189	0.9507
MLC22	grad	0.0446	0.0513	0.1382	0.1941	0.3723	0.9076
MLC23	grad	0.032	0.0677	0.1316	0.1201	0.5713	0.8119
MLC24	grad	0.0165	0.0793	0.1247	0.1907	0.6616	0.7252
MLC25	grad	-0.0012	0.0872	0.1106	-0.13	0.8567	0.4991
MLC31	grad	0.0125	0.0602	0.1373	0.0308	0.5018	0.8644
MLC32	grad	-0.0066	0.0744	0.1272	-0.2581	0.7297	0.6332
MLC41	grad	0.0253	0.0433	0.1441	0.1194	0.2849	0.9511
MLC42	grad	-0.0088	0.0557	0.1389	-0.1183	0.4743	0.8724
MLC51	grad	0.0496	0.0102	0.1458	0.2095	0.0486	0.9766
MLC52	grad	0.0314	0.0222	0.1479	0.1552	0.1356	0.9785
MLC53	grad	0.004	0.0396	0.1467	0.0081	0.2774	0.9607
MLC54	grad	-0.0194	0.0375	0.1451	-0.2143	0.2791	0.936
MLC55	grad	-0.0382	0.0271	0.141	-0.4309	0.1883	0.8825
MLC61	grad	0.013	0.0105	0.1514	0.0946	0.0683	0.9932
MLC62	grad	-0.0065	0.0207	0.1505	-0.0577	0.1492	0.9871
MLC63	grad	-0.0266	0.01	0.1483	-0.2837	0.0854	0.9551
MLF11	grad	0.1488	0.0232	0.0484	0.9666	0.2371	0.0971
MLF12	grad	0.1404	0.0443	0.045	0.8868	0.4525	0.0937
MLF13	grad	0.1288	0.0631	0.0394	0.7701	0.6319	0.0877
MLF14	grad	0.1145	0.0777	0.0286	0.5474	0.8335	0.0753
MLF21	grad	0.1478	0.0112	0.0683	0.969	0.1653	0.1839
MLF22	grad	0.1426	0.0322	0.0671	0.9288	0.3318	0.1652
MLF23	grad	0.1351	0.0523	0.0648	0.9218	0.3586	0.1476
MLF24	grad	0.1204	0.0699	0.058	0.6083	0.7898	0.0787
MLF25	grad	0.1051	0.0814	0.0481	0.4728	0.8783	0.0709
MLF31	grad	0.1397	0.0221	0.0869	0.8939	0.2318	0.3838
MLF32	grad	0.1335	0.0427	0.0846	0.8798	0.3543	0.3169
MLF33	grad	0.1216	0.0631	0.08	0.6121	0.7156	0.3364
MLF34	grad	0.1072	0.0777	0.0732	0.5112	0.8475	0.1429
MLF35	grad	0.0899	0.0869	0.0632	0.3771	0.9225	0.0827
MLF41	grad	0.1312	0.0108	0.1053	0.7974	0.093	0.5962
MLF42	grad	0.1279	0.0322	0.1032	0.8482	0.1919	0.4937
MLF43	grad	0.1173	0.0533	0.1007	0.5845	0.5609	0.5863
MLF44	grad	0.1048	0.0701	0.0951	0.5442	0.6423	0.5397
MLF45	grad	0.0895	0.0844	0.0842	0.3562	0.9248	0.1337
MLF46	grad	0.0709	0.0938	0.0701	0.3579	0.9265	0.1164
MLF51	grad	0.1171	0.0178	0.1205	0.6859	-0.0517	0.7258
MLF52	grad	0.1099	0.0412	0.1172	0.4858	0.3986	0.7779
MLF53	grad	0.0986	0.0599	0.1126	0.5132	0.557	0.653
MLF54	grad	0.0845	0.0757	0.1058	0.3774	0.7262	0.5746
MLF55	grad	0.0691	0.0897	0.092	0.2774	0.9278	0.2495
MLF56	grad	0.051	0.1007	0.0769	0.2979	0.9297	0.2166
MLF61	grad	0.097	0.0281	0.1293	0.4273	0.2156	0.878
MLF62	grad	0.0872	0.0476	0.1279	0.3844	0.3885	0.8375
MLF63	grad	0.0749	0.0647	0.1222	0.2889	0.5885	0.7551
MLF64	grad	0.0634	0.0803	0.1116	0.2707	0.6822	0.6792
MLF65	grad	0.0492	0.0931	0.0988	0.2263	0.9378	0.2634
MLF66	grad	0.0329	0.1	0.0878	0.2508	0.9479	0.1966
MLF67	grad	0.0152	0.1018	0.0726	-0.2068	0.9692	0.1336
MLO11	grad	-0.0968	0.0218	0.0571	-0.93	0.3418	0.1355
MLO12	grad	-0.0886	0.0429	0.0567	-0.9153	0.3722	0.1538
MLO13	grad	-0.0776	0.0627	0.0565	-0.8038	0.5875	0.0935
MLO14	grad	-0.0614	0.079	0.0557	-0.6252	0.7786	0.0539
MLO21	grad	-0.1003	0.0111	0.0377	-0.954	0.2983	0.0299
MLO22	grad	-0.0948	0.0327	0.0382	-0.9535	0.2977	0.0473
MLO23	grad	-0.0853	0.0538	0.037	-0.8622	0.5064	-0.0152
MLO24	grad	-0.0707	0.0714	0.037	-0.7144	0.6997	-0.0046
MLO31	grad	-0.0977	0.0215	0.0189	-0.9831	0.1812	-0.0252
MLO32	grad	-0.0906	0.043	0.0185	-0.9103	0.4136	-0.0189
MLO33	grad	-0.0784	0.0625	0.0184	-0.7942	0.6076	-0.0103
MLO34	grad	-0.0622	0.079	0.0185	-0.624	0.7814	0.0017
MLO41	grad	-0.0986	0.0104	-0.0003	-0.9945	0.095	-0.044
MLO42	grad	-0.0943	0.0324	-0.0008	-0.9531	0.2999	-0.0399
MLO43	grad	-0.0851	0.0532	-0.0011	-0.8615	0.5068	-0.0327
MLO44	grad	-0.0705	0.071	-0.0001	-0.7144	0.6997	-0.0046
MLO51	grad	-0.0962	0.0209	-0.0191	-0.9825	0.1814	-0.0426
MLO52	grad	-0.0897	0.0432	-0.0195	-0.9167	0.3979	-0.0369
MLO53	grad	-0.0777	0.0626	-0.0196	-0.8046	0.5937	-0.011
MLP11	grad	-0.0553	0.0169	0.1317	-0.6385	0.1138	0.7611
MLP12	grad	-0.0357	0.0483	0.1352	-0.413	0.4016	0.8174
MLP21	grad	-0.0702	0.0094	0.1177	-0.7908	0.0671	0.6084
MLP22	grad	-0.0538	0.0387	0.127	-0.6334	0.2869	0.7187
MLP23	grad	-0.0265	0.0665	0.1269	-0.2918	0.617	0.7309
MLP31	grad	-0.0802	0.0189	0.1001	-0.868	0.1356	0.4777
MLP32	grad	-0.0692	0.035	0.112	-0.7845	0.2451	0.5696
MLP33	grad	-0.0588	0.0558	0.1138	-0.7769	0.3828	0.4999
MLP34	grad	-0.0418	0.0727	0.113	-0.3335	0.7029	0.6283
MLP35	grad	-0.0221	0.0817	0.1123	-0.2569	0.7947	0.55
MLP41	grad	-0.0799	0.0409	0.0923	-0.8088	0.4985	0.3122
MLP42	grad	-0.0693	0.0589	0.0941	-0.7672	0.5054	0.395
MLP43	grad	-0.056	0.0753	0.0941	-0.7491	0.5986	0.2837
MLP44	grad	-0.0355	0.0863	0.0954	-0.3456	0.8525	0.3921
MLP45	grad	-0.0147	0.0926	0.0938	-0.1772	0.9242	0.3383
MLP51	grad	-0.0928	0.0091	0.0782	-0.8955	0.0034	0.445
MLP52	grad	-0.0891	0.032	0.0746	-0.8939	0.3786	0.2398
MLP53	grad	-0.0805	0.0521	0.0743	-0.8692	0.4215	0.2584
MLP54	grad	-0.0673	0.0699	0.0753	-0.7162	0.6625	0.2194
MLP55	grad	-0.0512	0.0848	0.0744	-0.6092	0.777	0.1588
MLP56	grad	-0.0293	0.0943	0.0758	-0.1929	0.9477	0.2542
MLP57	grad	-0.0079	0.0985	0.0752	-0.1583	0.9658	0.2055
MLT11	grad	0.0751	0.0939	0.0493	0.3461	0.9361	0.0634
MLT12	grad	0.0549	0.1001	0.0551	0.2465	0.9674	0.0574
MLT13	grad	0.034	0.1022	0.0608	0.0054	0.9991	0.0426
MLT14	grad	0.0024	0.1044	0.0558	-0.0989	0.9944	0.036
MLT15	grad	-0.0208	0.1047	0.0564	-0.1182	0.9905	0.0697
MLT16	grad	-0.043	0.0921	0.0559	-0.5838	0.8085	0.0741
MLT21	grad	0.0906	0.0896	0.0342	0.3624	0.9298	0.0644
MLT22	grad	0.0608	0.1001	0.0334	0.28	0.9581	0.0594
MLT23	grad	0.0394	0.1064	0.0401	0.0576	0.9973	0.0458
MLT24	grad	0.0168	0.1104	0.0397	-0.0642	0.9972	0.0382
MLT25	grad	-0.011	0.1108	0.038	-0.1335	0.9905	0.0338
MLT26	grad	-0.034	0.1045	0.0375	-0.3362	0.9416	0.0208
MLT27	grad	-0.0524	0.0857	0.0372	-0.5243	0.8515	0.0084
MLT31	grad	0.0989	0.087	0.0146	0.4104	0.9094	0.0672
MLT32	grad	0.0764	0.0961	0.0193	0.3461	0.9361	0.0634
MLT33	grad	0.0456	0.1061	0.0185	0.1096	0.9928	0.049
MLT34	grad	0.0229	0.1117	0.0191	-0.0468	0.9981	0.0393
MLT35	grad	0.0006	0.1117	0.0187	-0.0989	0.9944	0.036
MLT36	grad	-0.0225	0.1095	0.0182	-0.2191	0.9753	0.0284
MLT37	grad	-0.0438	0.0949	0.0188	-0.3849	0.9228	0.0176
MLT41	grad	0.0843	0.094	-0.0012	0.3624	0.9298	0.0644
MLT42	grad	0.0613	0.1016	0.0034	0.2633	0.9629	0.0584
MLT43	grad	0.0345	0.1123	-0.0002	0.0054	0.9991	0.0426
MLT44	grad	0.0119	0.1132	0.0004	-0.0642	0.9972	0.0382
MLT45	grad	-0.0107	0.1119	0	-0.1679	0.9853	0.0316
MLT46	grad	-0.0351	0.1056	0.0004	-0.3362	0.9416	0.0208
MLT47	grad	-0.0528	0.0862	0.0001	-0.539	0.8422	0.0074
MLT51	grad	0.0695	0.101	-0.0161	0.3133	0.9477	0.0614
MLT52	grad	0.0471	0.1097	-0.0185	0.0923	0.9946	0.048
MLT53	grad	0.0235	0.1138	-0.0189	-0.0468	0.9981	0.0393
MLT54	grad	0.0002	0.1147	-0.0184	-0.1162	0.9926	0.0349
MLT55	grad	-0.0236	0.1105	-0.0179	-0.2865	0.9578	0.024
MLT56	grad	-0.0442	0.0953	-0.0183	-0.4482	0.8938	0.0135
MLT57	grad	-0.0622	0.0798	-0.0185	-0.6375	0.7705	0.0007
MRC11	grad	0.0861	-0.0115	0.1354	0.364	-0.0387	0.9306
MRC12	grad	0.0745	-0.0299	0.1375	0.2842	-0.1953	0.9387
MRC13	grad	0.0664	-0.05	0.1339	0.2536	-0.3802	0.8894
MRC14	grad	0.0545	-0.0691	0.126	0.2491	-0.5755	0.7789
MRC15	grad	0.0415	-0.0833	0.118	0.1773	-0.636	0.7511
MRC16	grad	0.0257	-0.0941	0.1069	0.2658	-0.8355	0.4809
MRC17	grad	0.0077	-0.0984	0.0918	-0.0914	-0.9603	0.2635
MRC21	grad	0.0533	-0.033	0.1422	0.216	-0.2101	0.9535
MRC22	grad	0.0453	-0.0528	0.1375	0.1949	-0.3849	0.9022
MRC23	grad	0.0328	-0.0692	0.1306	0.1314	-0.5796	0.8042
MRC24	grad	0.0172	-0.0814	0.1235	0.2153	-0.6629	0.7171
MRC25	grad	-0.0001	-0.0897	0.1104	-0.1131	-0.8657	0.4876
MRC31	grad	0.0131	-0.0622	0.1375	0.0496	-0.5108	0.8582
MRC32	grad	-0.0059	-0.0767	0.1271	-0.2587	-0.7498	0.6089
MRC41	grad	0.0258	-0.045	0.1437	0.1343	-0.3089	0.9416
MRC42	grad	-0.0083	-0.058	0.1392	-0.11	-0.5031	0.8572
MRC51	grad	0.0498	-0.0118	0.1457	0.2107	-0.0566	0.9759
MRC52	grad	0.0317	-0.0242	0.1478	0.1647	-0.1343	0.9772
MRC53	grad	0.0044	-0.0417	0.1466	0.0186	-0.2886	0.9573
MRC54	grad	-0.0188	-0.0398	0.1448	-0.2062	-0.2786	0.938
MRC55	grad	-0.0378	-0.0298	0.1409	-0.4403	-0.216	0.8715
MRC61	grad	0.0131	-0.0126	0.1511	0.0824	-0.0677	0.9943
MRC62	grad	-0.0063	-0.0229	0.1504	-0.0653	-0.1463	0.9871
MRC63	grad	-0.0263	-0.0124	0.1482	-0.2851	-0.0959	0.9537
MRF11	grad	0.1486	-0.0232	0.048	0.9722	-0.2142	0.0942
MRF12	grad	0.1406	-0.0443	0.0454	0.8971	-0.433	0.0879
MRF13	grad	0.1294	-0.0633	0.0385	0.7828	-0.6172	0.0794
MRF14	grad	0.1146	-0.0774	0.0285	0.5779	-0.8135	0.0652
MRF21	grad	0.1481	-0.0113	0.0681	0.9725	-0.1452	0.1818
MRF22	grad	0.1435	-0.0331	0.0667	0.9373	-0.3091	0.1611
MRF23	grad	0.1356	-0.0527	0.064	0.9248	-0.3452	0.16
MRF24	grad	0.1213	-0.0704	0.058	0.6196	-0.782	0.068
MRF25	grad	0.1061	-0.0821	0.0479	0.49	-0.8697	0.0593
MRF31	grad	0.1399	-0.0225	0.0865	0.9005	-0.2096	0.381
MRF32	grad	0.1339	-0.0433	0.084	0.8953	-0.333	0.2959
MRF33	grad	0.1224	-0.0638	0.0801	0.6274	-0.7067	0.327
MRF34	grad	0.1075	-0.0779	0.0731	0.5277	-0.8392	0.1316
MRF35	grad	0.0912	-0.0879	0.063	0.3952	-0.9159	0.0705
MRF41	grad	0.1312	-0.0112	0.1051	0.7893	-0.0772	0.6091
MRF42	grad	0.1281	-0.0328	0.1038	0.8522	-0.1802	0.4912
MRF43	grad	0.1181	-0.0541	0.1	0.6006	-0.5512	0.5792
MRF44	grad	0.1058	-0.0713	0.0951	0.5602	-0.648	0.5161
MRF45	grad	0.09	-0.0851	0.084	0.3743	-0.9193	0.1214
MRF46	grad	0.0715	-0.0948	0.0697	0.3761	-0.9207	0.1041
MRF51	grad	0.1171	-0.0186	0.1202	0.6845	0.0593	0.7266
MRF52	grad	0.1103	-0.0421	0.1166	0.4932	-0.3999	0.7725
MRF53	grad	0.0989	-0.0608	0.1128	0.5265	-0.553	0.6458
MRF54	grad	0.0854	-0.0768	0.1048	0.3917	-0.7263	0.5649
MRF55	grad	0.0698	-0.0912	0.0907	0.2956	-0.9254	0.2371
MRF56	grad	0.052	-0.1012	0.0765	0.3162	-0.9265	0.2042
MRF61	grad	0.097	-0.0293	0.1289	0.4338	-0.2137	0.8753
MRF62	grad	0.0875	-0.0486	0.1272	0.3778	-0.386	0.8416
MRF63	grad	0.0756	-0.0658	0.1213	0.3005	-0.5927	0.7473
MRF64	grad	0.0642	-0.0814	0.1114	0.2959	-0.6799	0.6709
MRF65	grad	0.0504	-0.0947	0.0985	0.2425	-0.9325	0.2677
MRF66	grad	0.034	-0.1019	0.0874	0.2713	-0.9479	0.1668
MRF67	grad	0.0163	-0.1037	0.0722	-0.1707	-0.9778	0.1217
MRO11	grad	-0.0961	-0.0248	0.0568	-0.9166	-0.3776	0.1311
MRO12	grad	-0.0882	-0.0465	0.0561	-0.9009	-0.4077	0.149
MRO13	grad	-0.0769	-0.0659	0.0556	-0.7911	-0.6029	0.1029
MRO14	grad	-0.0605	-0.082	0.0556	-0.596	-0.8018	0.0442
MRO21	grad	-0.1002	-0.0146	0.0375	-0.948	-0.3173	0.0258
MRO22	grad	-0.094	-0.0354	0.0378	-0.9418	-0.3333	0.0434
MRO23	grad	-0.084	-0.0563	0.0372	-0.8428	-0.5378	-0.0216
MRO24	grad	-0.0698	-0.0744	0.037	-0.688	-0.7256	-0.0133
MRO31	grad	-0.0974	-0.0251	0.0186	-0.9794	-0.2001	-0.0277
MRO32	grad	-0.09	-0.0464	0.0189	-0.902	-0.4311	-0.0245
MRO33	grad	-0.0775	-0.0656	0.0185	-0.7821	-0.6229	-0.0185
MRO34	grad	-0.0611	-0.0817	0.0184	-0.6222	-0.7828	-0.0096
MRO41	grad	-0.0984	-0.0138	0.0006	-0.9924	-0.114	-0.0454
MRO42	grad	-0.0937	-0.0359	-0.0003	-0.9471	-0.318	-0.044
MRO43	grad	-0.0834	-0.0557	-0.0008	-0.8514	-0.5231	-0.0395
MRO44	grad	-0.0694	-0.0737	0	-0.6997	-0.7137	-0.0314
MRO51	grad	-0.0957	-0.0242	-0.0194	-0.9787	-0.2001	-0.0451
MRO52	grad	-0.0881	-0.0457	-0.02	-0.9087	-0.4153	-0.0423
MRO53	grad	-0.0764	-0.0655	-0.0195	-0.7814	-0.623	-0.0359
MRP11	grad	-0.0551	-0.0197	0.1315	-0.6465	-0.1498	0.7481
MRP12	grad	-0.0352	-0.051	0.1345	-0.3976	-0.4266	0.8124
MRP21	grad	-0.0699	-0.0125	0.1176	-0.7892	-0.0907	0.6074
MRP22	grad	-0.0535	-0.0416	0.1274	-0.6275	-0.3088	0.7147
MRP23	grad	-0.0257	-0.069	0.127	-0.2944	-0.64	0.7097
MRP31	grad	-0.0799	-0.0221	0.1009	-0.8623	-0.1735	0.4758
MRP32	grad	-0.0687	-0.038	0.1115	-0.7748	-0.2809	0.5664
MRP33	grad	-0.0581	-0.0588	0.113	-0.7546	-0.4128	0.5101
MRP34	grad	-0.0408	-0.0754	0.1129	-0.3195	-0.7176	0.6189
MRP35	grad	-0.0211	-0.0845	0.1121	-0.2412	-0.8068	0.5394
MRP41	grad	-0.0793	-0.0438	0.0927	-0.7988	-0.5184	0.3054
MRP42	grad	-0.0682	-0.0616	0.0933	-0.7571	-0.5256	0.3881
MRP43	grad	-0.0547	-0.0777	0.094	-0.7264	-0.6293	0.2762
MRP44	grad	-0.0345	-0.0892	0.0952	-0.3288	-0.8643	0.3807
MRP45	grad	-0.0136	-0.0953	0.0945	-0.1589	-0.9319	0.326
MRP51	grad	-0.0927	-0.0126	0.0781	-0.8947	-0.042	0.4448
MRP52	grad	-0.0883	-0.035	0.0742	-0.8898	-0.4012	0.2176
MRP53	grad	-0.0795	-0.0549	0.0746	-0.8529	-0.4566	0.253
MRP54	grad	-0.0667	-0.0731	0.0753	-0.703	-0.6793	0.2104
MRP55	grad	-0.0503	-0.0877	0.0742	-0.5938	-0.7908	0.1483
MRP56	grad	-0.0287	-0.0977	0.0755	-0.1739	-0.9588	0.2246
MRP57	grad	-0.0067	-0.1012	0.0748	-0.1393	-0.9713	0.1925
MRT11	grad	0.0757	-0.0944	0.049	0.3806	-0.9233	0.052
MRT12	grad	0.0561	-0.1012	0.0547	0.2655	-0.9631	0.0446
MRT13	grad	0.0351	-0.104	0.0604	0.025	-0.9993	0.0293
MRT14	grad	0.0035	-0.1053	0.0554	-0.0793	-0.9966	0.0228
MRT15	grad	-0.0192	-0.1057	0.056	-0.0987	-0.9935	0.0565
MRT16	grad	-0.0418	-0.0947	0.0556	-0.5677	-0.822	0.0459
MRT21	grad	0.0911	-0.0897	0.0339	0.3966	-0.9165	0.0531
MRT22	grad	0.0618	-0.1008	0.033	0.2988	-0.9532	0.0467
MRT23	grad	0.0406	-0.107	0.0396	0.0772	-0.9965	0.0325
MRT24	grad	0.0182	-0.1117	0.0392	-0.0446	-0.9987	0.0249
MRT25	grad	-0.0094	-0.1126	0.0375	-0.1313	-0.9912	0.0195
MRT26	grad	-0.0326	-0.1067	0.0371	-0.3011	-0.9536	0.0092
MRT27	grad	-0.0513	-0.0884	0.037	-0.5075	-0.8617	-0.003
MRT31	grad	0.0993	-0.0867	0.0144	0.4282	-0.902	0.0552
MRT32	grad	0.0771	-0.0962	0.019	0.3644	-0.9298	0.051
MRT33	grad	0.0466	-0.1069	0.019	0.1291	-0.991	0.0358
MRT34	grad	0.0242	-0.1127	0.0185	-0.0272	-0.9993	0.026
MRT35	grad	0.0019	-0.1131	0.0192	-0.0793	-0.9966	0.0228
MRT36	grad	-0.021	-0.1112	0.0187	-0.1989	-0.98	-0.0021
MRT37	grad	-0.0426	-0.097	0.0185	-0.398	-0.9173	-0.0141
MRT41	grad	0.0848	-0.0938	-0.0016	0.3806	-0.9233	0.052
MRT42	grad	0.062	-0.1017	0.004	0.2822	-0.9583	0.0456
MRT43	grad	0.0355	-0.1123	0.0002	0.025	-0.9993	0.0293
MRT44	grad	0.0132	-0.1131	-0.0002	-0.0446	-0.9987	0.0249
MRT45	grad	-0.0093	-0.1129	0.0004	-0.1485	-0.9887	0.0185
MRT46	grad	-0.0332	-0.1064	0	-0.3167	-0.9485	-0.0092
MRT47	grad	-0.0515	-0.0884	0	-0.5224	-0.8527	-0.0039
MRT51	grad	0.0695	-0.1003	-0.0166	0.3318	-0.9421	0.0489
MRT52	grad	0.048	-0.1095	-0.018	0.1118	-0.9931	0.0347
MRT53	grad	0.0247	-0.1134	-0.0195	-0.0272	-0.9993	0.026
MRT54	grad	0.0017	-0.1139	-0.0189	-0.0956	-0.9954	0.0043
MRT55	grad	-0.0217	-0.1107	-0.0184	-0.2339	-0.9722	0.0133
MRT56	grad	-0.0423	-0.0962	-0.0186	-0.4297	-0.9028	-0.0159
MRT57	grad	-0.0603	-0.0813	-0.0186	-0.6214	-0.783	-0.0271
MZC01	grad	0.0681	-0.0007	0.1413	0.2659	-0.0067	0.964
MZC02	grad	0.0314	-0.001	0.1495	0.1636	0.0005	0.9865
MZC03	grad	-0.0071	-0.0011	0.1521	-0.0476	-0.0166	0.9987
MZC04	grad	-0.0457	-0.0014	0.1402	-0.5235	-0.019	0.8518
MZF01	grad	0.1513	0	0.0494	0.9952	0.0126	0.0973
MZF02	grad	0.1424	-0.0001	0.0879	0.9093	0.0094	0.416
MZF03	grad	0.1067	-0.0004	0.1267	0.5362	-0.0024	0.8441
MZO01	grad	-0.0983	-0.0017	0.0598	-0.9487	-0.0114	0.316
MZO02	grad	-0.0997	-0.0017	0.0186	-0.9996	-0.0096	-0.0276
MZO03	grad	-0.0983	-0.0018	-0.0184	-0.9989	-0.0095	-0.045
MZP01	grad	-0.0851	-0.0016	0.0947	-0.8876	-0.0118	0.4605
BG1	ref	-0.0541	-0.0702	0.2384	-0.7126	0.7004	-0.0394
BG2	ref	-0.0541	-0.0702	0.2384	-0.6987	-0.7137	-0.0489
BG3	ref	-0.0541	-0.0702	0.2384	0.0624	0.0073	-0.998
BP1	ref	-0.0554	0.0644	0.2393	-0.7126	0.7004	-0.0394
BP2	ref	-0.0554	0.0644	0.2393	-0.6987	-0.7137	-0.0489
BP3	ref	-0.0554	0.0644	0.2393	0.0624	0.0073	-0.998
BR1	ref	0.0789	0.0656	0.2477	-0.7126	0.7004	-0.0394
BR2	ref	0.0789	0.0656	0.2477	-0.6987	-0.7137	-0.0489
BR3	ref	0.0789	0.0656	0.2477	0.0624	0.0073	-0.998
G11	ref	-0.026	-0.0978	0.24	-0.7126	0.7004	-0.0394
G12	ref	-0.0541	-0.0703	0.2384	-0.6987	-0.7137	-0.0489
G13	ref	-0.0541	-0.0703	0.2384	0.0624	0.0073	-0.998
G22	ref	-0.0267	-0.0422	0.2403	-0.6987	-0.7137	-0.0489
G23	ref	-0.0541	-0.0703	0.2384	0.0624	0.0073	-0.998
P11	ref	-0.0274	0.0369	0.2408	-0.7126	0.7004	-0.0394
P12	ref	-0.0555	0.0644	0.2393	-0.6987	-0.7137	-0.0489
P13	ref	-0.0555	0.0644	0.2393	0.0624	0.0073	-0.998
P22	ref	-0.0279	0.0925	0.2412	-0.6987	-0.7137	-0.0489
P23	ref	-0.0554	0.0644	0.2393	0.0624	0.0073	-0.998
Q11	ref	0.1086	-0.0969	0.2484	-0.7126	0.7004	-0.0394
Q12	ref	0.0806	-0.0693	0.2468	-0.6987	-0.7137	-0.0489
Q13	ref	0.0806	-0.0693	0.2468	0.0624	0.0073	-0.998
Q22	ref	0.1078	-0.0409	0.2487	-0.6987	-0.7137	-0.0489
Q23	ref	0.0803	-0.0689	0.2468	0.0624	0.0073	-0.998
R11	ref	0.107	0.038	0.2493	-0.7126	0.7004	-0.0394
R12	ref	0.079	0.0656	0.2477	-0.6987	-0.7137	-0.0489
R13	ref	0.079	0.0656	0.2477	0.0624	0.0073	-0.998
R22	ref	0.1067	0.094	0.2497	-0.6987	-0.7137	-0.0489
R23	ref	0.0792	0.066	0.2477	0.0624	0.0073	-0.998