Name	x	y	z	ex	ey	ez
MEG0113	-0.1064	0.0529	-0.0203	-0.9829	0.1844	-0.0019
MEG0112	-0.1064	0.0529	-0.0203	-0.9829	0.1844	-0.0019
MEG0111	-0.1064	0.0529	-0.0203	-0.9829	0.1844	-0.0019
MEG0122	-0.1019	0.0726	0.0129	-0.9658	0.2572	-0.0325
MEG0123	-0.1019	0.0726	0.0129	-0.9658	0.2572	-0.0325
MEG0121	-0.1019	0.0726	0.0129	-0.9658	0.2572	-0.0325
MEG0132	-0.1083	0.0397	0.0148	-0.9965	0.0816	-0.0188
MEG0133	-0.1083	0.0397	0.0148	-0.9965	0.0816	-0.0188
MEG0131	-0.1083	0.0397	0.0148	-0.9965	0.0816	-0.0188
MEG0143	-0.1096	0.0195	-0.0196	-0.9995	0.0264	0.0197
MEG0142	-0.1096	0.0195	-0.0196	-0.9995	0.0264	0.0197
MEG0141	-0.1096	0.0195	-0.0196	-0.9995	0.0264	0.0197
MEG0213	-0.1073	0.0455	0.0491	-0.9936	0.1035	0.0446
MEG0212	-0.1073	0.0455	0.0491	-0.9936	0.1035	0.0446
MEG0211	-0.1073	0.0455	0.0491	-0.9936	0.1035	0.0446
MEG0222	-0.0988	0.0558	0.0817	-0.9266	0.1772	0.3316
MEG0223	-0.0988	0.0558	0.0817	-0.9266	0.1772	0.3316
MEG0221	-0.0988	0.0558	0.0817	-0.9266	0.1772	0.3316
MEG0232	-0.101	0.02	0.0844	-0.9359	-0.0193	0.3518
MEG0233	-0.101	0.02	0.0844	-0.9359	-0.0193	0.3518
MEG0231	-0.101	0.02	0.0844	-0.9359	-0.0193	0.3518
MEG0243	-0.1081	0.0115	0.0512	-0.9941	-0.0788	0.075
MEG0242	-0.1081	0.0115	0.0512	-0.9941	-0.0788	0.075
MEG0241	-0.1081	0.0115	0.0512	-0.9941	-0.0788	0.075
MEG0313	-0.0861	0.1114	0.0443	-0.8737	0.4845	0.0422
MEG0312	-0.0861	0.1114	0.0443	-0.8737	0.4845	0.0422
MEG0311	-0.0861	0.1114	0.0443	-0.8737	0.4845	0.0422
MEG0322	-0.0887	0.0912	0.0785	-0.8628	0.3815	0.3317
MEG0323	-0.0887	0.0912	0.0785	-0.8628	0.3815	0.3317
MEG0321	-0.0887	0.0912	0.0785	-0.8628	0.3815	0.3317
MEG0333	-0.0702	0.0939	0.1079	-0.7075	0.372	0.6009
MEG0332	-0.0702	0.0939	0.1079	-0.7075	0.372	0.6009
MEG0331	-0.0702	0.0939	0.1079	-0.7075	0.372	0.6009
MEG0343	-0.1002	0.0784	0.0463	-0.9551	0.2926	0.0459
MEG0342	-0.1002	0.0784	0.0463	-0.9551	0.2926	0.0459
MEG0341	-0.1002	0.0784	0.0463	-0.9551	0.2926	0.0459
MEG0413	-0.0807	0.0596	0.1123	-0.7561	0.1942	0.625
MEG0412	-0.0807	0.0596	0.1123	-0.7561	0.1942	0.625
MEG0411	-0.0807	0.0596	0.1123	-0.7561	0.1942	0.625
MEG0422	-0.0525	0.061	0.1356	-0.4822	0.2266	0.8463
MEG0423	-0.0525	0.061	0.1356	-0.4822	0.2266	0.8463
MEG0421	-0.0525	0.061	0.1356	-0.4822	0.2266	0.8463
MEG0432	-0.0535	0.0265	0.1403	-0.4947	0.0523	0.8675
MEG0433	-0.0535	0.0265	0.1403	-0.4947	0.0523	0.8675
MEG0431	-0.0535	0.0265	0.1403	-0.4947	0.0523	0.8675
MEG0443	-0.0828	0.0246	0.1162	-0.7634	-0.0045	0.6459
MEG0442	-0.0828	0.0246	0.1162	-0.7634	-0.0045	0.6459
MEG0441	-0.0828	0.0246	0.1162	-0.7634	-0.0045	0.6459
MEG0513	-0.0637	0.1384	0.0465	-0.6127	0.7845	0.0956
MEG0512	-0.0637	0.1384	0.0465	-0.6127	0.7845	0.0956
MEG0511	-0.0637	0.1384	0.0465	-0.6127	0.7845	0.0956
MEG0523	-0.0331	0.1531	0.0491	-0.2883	0.9494	0.1245
MEG0522	-0.0331	0.1531	0.0491	-0.2883	0.9494	0.1245
MEG0521	-0.0331	0.1531	0.0491	-0.2883	0.9494	0.1245
MEG0532	-0.0336	0.1436	0.0813	-0.2713	0.8806	0.3886
MEG0533	-0.0336	0.1436	0.0813	-0.2713	0.8806	0.3886
MEG0531	-0.0336	0.1436	0.0813	-0.2713	0.8806	0.3886
MEG0542	-0.0672	0.1246	0.0787	-0.687	0.6441	0.3365
MEG0543	-0.0672	0.1246	0.0787	-0.687	0.6441	0.3365
MEG0541	-0.0672	0.1246	0.0787	-0.687	0.6441	0.3365
MEG0613	-0.0357	0.1233	0.1097	-0.2934	0.6735	0.6785
MEG0612	-0.0357	0.1233	0.1097	-0.2934	0.6735	0.6785
MEG0611	-0.0357	0.1233	0.1097	-0.2934	0.6735	0.6785
MEG0622	0.0003	0.0981	0.1339	-0.0032	0.4747	0.8801
MEG0623	0.0003	0.0981	0.1339	-0.0032	0.4747	0.8801
MEG0621	0.0003	0.0981	0.1339	-0.0032	0.4747	0.8801
MEG0633	-0.0182	0.0655	0.1464	-0.1288	0.265	0.9556
MEG0632	-0.0182	0.0655	0.1464	-0.1288	0.265	0.9556
MEG0631	-0.0182	0.0655	0.1464	-0.1288	0.265	0.9556
MEG0642	-0.0367	0.0954	0.1295	-0.3099	0.4849	0.8178
MEG0643	-0.0367	0.0954	0.1295	-0.3099	0.4849	0.8178
MEG0641	-0.0367	0.0954	0.1295	-0.3099	0.4849	0.8178
MEG0713	-0.0183	0.0323	0.1527	-0.1513	0.0736	0.9858
MEG0712	-0.0183	0.0323	0.1527	-0.1513	0.0736	0.9858
MEG0711	-0.0183	0.0323	0.1527	-0.1513	0.0736	0.9858
MEG0723	0.0189	0.0324	0.1527	0.1491	0.1212	0.9814
MEG0722	0.0189	0.0324	0.1527	0.1491	0.1212	0.9814
MEG0721	0.0189	0.0324	0.1527	0.1491	0.1212	0.9814
MEG0733	0.019	-0.0016	0.152	0.1492	-0.1534	0.9768
MEG0732	0.019	-0.0016	0.152	0.1492	-0.1534	0.9768
MEG0731	0.019	-0.0016	0.152	0.1492	-0.1534	0.9768
MEG0743	-0.0182	-0.0021	0.1519	-0.1189	-0.1509	0.9814
MEG0742	-0.0182	-0.0021	0.1519	-0.1189	-0.1509	0.9814
MEG0741	-0.0182	-0.0021	0.1519	-0.1189	-0.1509	0.9814
MEG0813	0.0003	0.1581	0.0501	-0.0112	0.986	0.1666
MEG0812	0.0003	0.1581	0.0501	-0.0112	0.986	0.1666
MEG0811	0.0003	0.1581	0.0501	-0.0112	0.986	0.1666
MEG0822	0.0002	0.148	0.0825	-0.0049	0.907	0.421
MEG0823	0.0002	0.148	0.0825	-0.0049	0.907	0.421
MEG0821	0.0002	0.148	0.0825	-0.0049	0.907	0.421
MEG0913	0.0334	0.1532	0.0491	0.2616	0.9542	0.1453
MEG0912	0.0334	0.1532	0.0491	0.2616	0.9542	0.1453
MEG0911	0.0334	0.1532	0.0491	0.2616	0.9542	0.1453
MEG0923	0.0642	0.1386	0.0467	0.6219	0.778	0.089
MEG0922	0.0642	0.1386	0.0467	0.6219	0.778	0.089
MEG0921	0.0642	0.1386	0.0467	0.6219	0.778	0.089
MEG0932	0.0675	0.1249	0.079	0.6744	0.6573	0.3364
MEG0933	0.0675	0.1249	0.079	0.6744	0.6573	0.3364
MEG0931	0.0675	0.1249	0.079	0.6744	0.6573	0.3364
MEG0942	0.034	0.1436	0.0815	0.2621	0.883	0.3895
MEG0943	0.034	0.1436	0.0815	0.2621	0.883	0.3895
MEG0941	0.034	0.1436	0.0815	0.2621	0.883	0.3895
MEG1013	0.0002	0.1281	0.1115	-0.0277	0.7171	0.6964
MEG1012	0.0002	0.1281	0.1115	-0.0277	0.7171	0.6964
MEG1011	0.0002	0.1281	0.1115	-0.0277	0.7171	0.6964
MEG1023	0.036	0.1235	0.1099	0.2684	0.6789	0.6834
MEG1022	0.036	0.1235	0.1099	0.2684	0.6789	0.6834
MEG1021	0.036	0.1235	0.1099	0.2684	0.6789	0.6834
MEG1032	0.0371	0.0955	0.1298	0.3053	0.4832	0.8205
MEG1033	0.0371	0.0955	0.1298	0.3053	0.4832	0.8205
MEG1031	0.0371	0.0955	0.1298	0.3053	0.4832	0.8205
MEG1043	0.0187	0.0657	0.1464	0.1259	0.2893	0.9489
MEG1042	0.0187	0.0657	0.1464	0.1259	0.2893	0.9489
MEG1041	0.0187	0.0657	0.1464	0.1259	0.2893	0.9489
MEG1112	0.0529	0.0613	0.1358	0.4762	0.2238	0.8504
MEG1113	0.0529	0.0613	0.1358	0.4762	0.2238	0.8504
MEG1111	0.0529	0.0613	0.1358	0.4762	0.2238	0.8504
MEG1123	0.0814	0.06	0.1127	0.7469	0.2385	0.6207
MEG1122	0.0814	0.06	0.1127	0.7469	0.2385	0.6207
MEG1121	0.0814	0.06	0.1127	0.7469	0.2385	0.6207
MEG1133	0.0834	0.0249	0.1165	0.7641	0.0435	0.6436
MEG1132	0.0834	0.0249	0.1165	0.7641	0.0435	0.6436
MEG1131	0.0834	0.0249	0.1165	0.7641	0.0435	0.6436
MEG1142	0.054	0.0271	0.1406	0.4897	0.0482	0.8706
MEG1143	0.054	0.0271	0.1406	0.4897	0.0482	0.8706
MEG1141	0.054	0.0271	0.1406	0.4897	0.0482	0.8706
MEG1213	0.0867	0.1115	0.0445	0.8642	0.5	0.0558
MEG1212	0.0867	0.1115	0.0445	0.8642	0.5	0.0558
MEG1211	0.0867	0.1115	0.0445	0.8642	0.5	0.0558
MEG1223	0.1009	0.079	0.0467	0.9465	0.3191	0.0474
MEG1222	0.1009	0.079	0.0467	0.9465	0.3191	0.0474
MEG1221	0.1009	0.079	0.0467	0.9465	0.3191	0.0474
MEG1232	0.0892	0.0916	0.0788	0.8603	0.3851	0.3339
MEG1233	0.0892	0.0916	0.0788	0.8603	0.3851	0.3339
MEG1231	0.0892	0.0916	0.0788	0.8603	0.3851	0.3339
MEG1243	0.0703	0.0943	0.1084	0.6653	0.4172	0.6191
MEG1242	0.0703	0.0943	0.1084	0.6653	0.4172	0.6191
MEG1241	0.0703	0.0943	0.1084	0.6653	0.4172	0.6191
MEG1312	0.0995	0.0564	0.082	0.9246	0.1848	0.3331
MEG1313	0.0995	0.0564	0.082	0.9246	0.1848	0.3331
MEG1311	0.0995	0.0564	0.082	0.9246	0.1848	0.3331
MEG1323	0.1081	0.046	0.0495	0.9888	0.1385	0.0553
MEG1322	0.1081	0.046	0.0495	0.9888	0.1385	0.0553
MEG1321	0.1081	0.046	0.0495	0.9888	0.1385	0.0553
MEG1333	0.1091	0.0119	0.0512	0.997	-0.0502	0.0585
MEG1332	0.1091	0.0119	0.0512	0.997	-0.0502	0.0585
MEG1331	0.1091	0.0119	0.0512	0.997	-0.0502	0.0585
MEG1342	0.1017	0.0204	0.0849	0.9365	-0.0116	0.3505
MEG1343	0.1017	0.0204	0.0849	0.9365	-0.0116	0.3505
MEG1341	0.1017	0.0204	0.0849	0.9365	-0.0116	0.3505
MEG1412	0.1027	0.073	0.0129	0.9585	0.2838	-0.0287
MEG1413	0.1027	0.073	0.0129	0.9585	0.2838	-0.0287
MEG1411	0.1027	0.073	0.0129	0.9585	0.2838	-0.0287
MEG1423	0.1073	0.0539	-0.0196	0.9836	0.1802	0.007
MEG1422	0.1073	0.0539	-0.0196	0.9836	0.1802	0.007
MEG1421	0.1073	0.0539	-0.0196	0.9836	0.1802	0.007
MEG1433	0.1107	0.02	-0.0188	0.9996	0.0121	0.0246
MEG1432	0.1107	0.02	-0.0188	0.9996	0.0121	0.0246
MEG1431	0.1107	0.02	-0.0188	0.9996	0.0121	0.0246
MEG1442	0.1091	0.0401	0.0156	0.9944	0.1046	-0.0176
MEG1443	0.1091	0.0401	0.0156	0.9944	0.1046	-0.0176
MEG1441	0.1091	0.0401	0.0156	0.9944	0.1046	-0.0176
MEG1512	-0.1085	0.0062	0.016	-0.9955	-0.0927	-0.0168
MEG1513	-0.1085	0.0062	0.016	-0.9955	-0.0927	-0.0168
MEG1511	-0.1085	0.0062	0.016	-0.9955	-0.0927	-0.0168
MEG1522	-0.1013	-0.0265	0.0192	-0.9353	-0.3539	-0.0009
MEG1523	-0.1013	-0.0265	0.0192	-0.9353	-0.3539	-0.0009
MEG1521	-0.1013	-0.0265	0.0192	-0.9353	-0.3539	-0.0009
MEG1533	-0.0946	-0.0459	-0.0134	-0.8902	-0.4519	0.0574
MEG1532	-0.0946	-0.0459	-0.0134	-0.8902	-0.4519	0.0574
MEG1531	-0.0946	-0.0459	-0.0134	-0.8902	-0.4519	0.0574
MEG1543	-0.1064	-0.014	-0.0164	-0.9807	-0.1919	0.0369
MEG1542	-0.1064	-0.014	-0.0164	-0.9807	-0.1919	0.0369
MEG1541	-0.1064	-0.014	-0.0164	-0.9807	-0.1919	0.0369
MEG1613	-0.1014	-0.0214	0.0526	-0.9412	-0.3232	0.0985
MEG1612	-0.1014	-0.0214	0.0526	-0.9412	-0.3232	0.0985
MEG1611	-0.1014	-0.0214	0.0526	-0.9412	-0.3232	0.0985
MEG1622	-0.095	-0.0153	0.0858	-0.8943	-0.2812	0.348
MEG1623	-0.095	-0.0153	0.0858	-0.8943	-0.2812	0.348
MEG1621	-0.095	-0.0153	0.0858	-0.8943	-0.2812	0.348
MEG1632	-0.0778	-0.0472	0.0889	-0.7562	-0.5354	0.3761
MEG1633	-0.0778	-0.0472	0.0889	-0.7562	-0.5354	0.3761
MEG1631	-0.0778	-0.0472	0.0889	-0.7562	-0.5354	0.3761
MEG1643	-0.0862	-0.0514	0.0552	-0.8188	-0.5596	0.1284
MEG1642	-0.0862	-0.0514	0.0552	-0.8188	-0.5596	0.1284
MEG1641	-0.0862	-0.0514	0.0552	-0.8188	-0.5596	0.1284
MEG1713	-0.0752	-0.0731	-0.0107	-0.739	-0.6702	0.0688
MEG1712	-0.0752	-0.0731	-0.0107	-0.739	-0.6702	0.0688
MEG1711	-0.0752	-0.0731	-0.0107	-0.739	-0.6702	0.0688
MEG1722	-0.0856	-0.0564	0.0218	-0.8141	-0.5802	0.0244
MEG1723	-0.0856	-0.0564	0.0218	-0.8141	-0.5802	0.0244
MEG1721	-0.0856	-0.0564	0.0218	-0.8141	-0.5802	0.0244
MEG1732	-0.0626	-0.0808	0.0244	-0.5769	-0.8163	0.0287
MEG1733	-0.0626	-0.0808	0.0244	-0.5769	-0.8163	0.0287
MEG1731	-0.0626	-0.0808	0.0244	-0.5769	-0.8163	0.0287
MEG1743	-0.0482	-0.0927	-0.009	-0.4554	-0.8847	0.0996
MEG1742	-0.0482	-0.0927	-0.009	-0.4554	-0.8847	0.0996
MEG1741	-0.0482	-0.0927	-0.009	-0.4554	-0.8847	0.0996
MEG1813	-0.0784	-0.0105	0.1161	-0.7453	-0.2349	0.624
MEG1812	-0.0784	-0.0105	0.1161	-0.7453	-0.2349	0.624
MEG1811	-0.0784	-0.0105	0.1161	-0.7453	-0.2349	0.624
MEG1822	-0.0516	-0.0074	0.1391	-0.5032	-0.1826	0.8447
MEG1823	-0.0516	-0.0074	0.1391	-0.5032	-0.1826	0.8447
MEG1821	-0.0516	-0.0074	0.1391	-0.5032	-0.1826	0.8447
MEG1832	-0.0177	-0.0338	0.1411	-0.1334	-0.462	0.8768
MEG1833	-0.0177	-0.0338	0.1411	-0.1334	-0.462	0.8768
MEG1831	-0.0177	-0.0338	0.1411	-0.1334	-0.462	0.8768
MEG1843	-0.0548	-0.0443	0.1202	-0.4973	-0.5306	0.6864
MEG1842	-0.0548	-0.0443	0.1202	-0.4973	-0.5306	0.6864
MEG1841	-0.0548	-0.0443	0.1202	-0.4973	-0.5306	0.6864
MEG1912	-0.0508	-0.0704	0.0914	-0.4422	-0.7976	0.4102
MEG1913	-0.0508	-0.0704	0.0914	-0.4422	-0.7976	0.4102
MEG1911	-0.0508	-0.0704	0.0914	-0.4422	-0.7976	0.4102
MEG1923	-0.0329	-0.0905	0.0595	-0.2725	-0.9339	0.2315
MEG1922	-0.0329	-0.0905	0.0595	-0.2725	-0.9339	0.2315
MEG1921	-0.0329	-0.0905	0.0595	-0.2725	-0.9339	0.2315
MEG1932	-0.0324	-0.0953	0.0257	-0.2944	-0.9538	0.0602
MEG1933	-0.0324	-0.0953	0.0257	-0.2944	-0.9538	0.0602
MEG1931	-0.0324	-0.0953	0.0257	-0.2944	-0.9538	0.0602
MEG1943	-0.0631	-0.0757	0.0579	-0.5874	-0.7896	0.1775
MEG1942	-0.0631	-0.0757	0.0579	-0.5874	-0.7896	0.1775
MEG1941	-0.0631	-0.0757	0.0579	-0.5874	-0.7896	0.1775
MEG2013	-0.0181	-0.0617	0.1202	-0.1191	-0.7179	0.6859
MEG2012	-0.0181	-0.0617	0.1202	-0.1191	-0.7179	0.6859
MEG2011	-0.0181	-0.0617	0.1202	-0.1191	-0.7179	0.6859
MEG2023	0.0192	-0.0618	0.1201	0.1568	-0.7132	0.6832
MEG2022	0.0192	-0.0618	0.1201	0.1568	-0.7132	0.6832
MEG2021	0.0192	-0.0618	0.1201	0.1568	-0.7132	0.6832
MEG2032	0.0176	-0.0813	0.0925	0.1467	-0.8806	0.4505
MEG2033	0.0176	-0.0813	0.0925	0.1467	-0.8806	0.4505
MEG2031	0.0176	-0.0813	0.0925	0.1467	-0.8806	0.4505
MEG2042	-0.0164	-0.0814	0.0924	-0.136	-0.8831	0.4491
MEG2043	-0.0164	-0.0814	0.0924	-0.136	-0.8831	0.4491
MEG2041	-0.0164	-0.0814	0.0924	-0.136	-0.8831	0.4491
MEG2113	0.0007	-0.0956	0.0608	0.0191	-0.967	0.2541
MEG2112	0.0007	-0.0956	0.0608	0.0191	-0.967	0.2541
MEG2111	0.0007	-0.0956	0.0608	0.0191	-0.967	0.2541
MEG2122	0.0008	-0.1007	0.0266	0.0058	-0.9987	0.0512
MEG2123	0.0008	-0.1007	0.0266	0.0058	-0.9987	0.0512
MEG2121	0.0008	-0.1007	0.0266	0.0058	-0.9987	0.0512
MEG2133	0.0179	-0.1029	-0.0076	0.159	-0.9818	0.1041
MEG2132	0.0179	-0.1029	-0.0076	0.159	-0.9818	0.1041
MEG2131	0.0179	-0.1029	-0.0076	0.159	-0.9818	0.1041
MEG2143	-0.0163	-0.103	-0.0078	-0.1894	-0.9766	0.1021
MEG2142	-0.0163	-0.103	-0.0078	-0.1894	-0.9766	0.1021
MEG2141	-0.0163	-0.103	-0.0078	-0.1894	-0.9766	0.1021
MEG2212	0.0522	-0.007	0.1394	0.4952	-0.1862	0.8486
MEG2213	0.0522	-0.007	0.1394	0.4952	-0.1862	0.8486
MEG2211	0.0522	-0.007	0.1394	0.4952	-0.1862	0.8486
MEG2223	0.0793	-0.0098	0.1165	0.7454	-0.2033	0.6348
MEG2222	0.0793	-0.0098	0.1165	0.7454	-0.2033	0.6348
MEG2221	0.0793	-0.0098	0.1165	0.7454	-0.2033	0.6348
MEG2233	0.056	-0.0441	0.1203	0.5142	-0.5303	0.6741
MEG2232	0.056	-0.0441	0.1203	0.5142	-0.5303	0.6741
MEG2231	0.056	-0.0441	0.1203	0.5142	-0.5303	0.6741
MEG2242	0.0187	-0.0337	0.1411	0.1344	-0.4634	0.8759
MEG2243	0.0187	-0.0337	0.1411	0.1344	-0.4634	0.8759
MEG2241	0.0187	-0.0337	0.1411	0.1344	-0.4634	0.8759
MEG2312	0.0521	-0.0702	0.0915	0.4527	-0.7935	0.4067
MEG2313	0.0521	-0.0702	0.0915	0.4527	-0.7935	0.4067
MEG2311	0.0521	-0.0702	0.0915	0.4527	-0.7935	0.4067
MEG2323	0.0646	-0.0754	0.0583	0.5917	-0.7894	0.1634
MEG2322	0.0646	-0.0754	0.0583	0.5917	-0.7894	0.1634
MEG2321	0.0646	-0.0754	0.0583	0.5917	-0.7894	0.1634
MEG2332	0.0339	-0.0951	0.0259	0.3234	-0.9443	0.0605
MEG2333	0.0339	-0.0951	0.0259	0.3234	-0.9443	0.0605
MEG2331	0.0339	-0.0951	0.0259	0.3234	-0.9443	0.0605
MEG2343	0.0341	-0.0904	0.0597	0.3168	-0.9251	0.2095
MEG2342	0.0341	-0.0904	0.0597	0.3168	-0.9251	0.2095
MEG2341	0.0341	-0.0904	0.0597	0.3168	-0.9251	0.2095
MEG2412	0.096	-0.0147	0.0862	0.896	-0.2729	0.3503
MEG2413	0.096	-0.0147	0.0862	0.896	-0.2729	0.3503
MEG2411	0.096	-0.0147	0.0862	0.896	-0.2729	0.3503
MEG2423	0.1026	-0.0208	0.0531	0.9465	-0.3069	0.0995
MEG2422	0.1026	-0.0208	0.0531	0.9465	-0.3069	0.0995
MEG2421	0.1026	-0.0208	0.0531	0.9465	-0.3069	0.0995
MEG2433	0.0875	-0.0509	0.0556	0.8338	-0.5381	0.1235
MEG2432	0.0875	-0.0509	0.0556	0.8338	-0.5381	0.1235
MEG2431	0.0875	-0.0509	0.0556	0.8338	-0.5381	0.1235
MEG2442	0.0789	-0.0469	0.0892	0.765	-0.522	0.3771
MEG2443	0.0789	-0.0469	0.0892	0.765	-0.522	0.3771
MEG2441	0.0789	-0.0469	0.0892	0.765	-0.522	0.3771
MEG2512	0.0639	-0.0806	0.0248	0.5947	-0.8035	0.0273
MEG2513	0.0639	-0.0806	0.0248	0.5947	-0.8035	0.0273
MEG2511	0.0639	-0.0806	0.0248	0.5947	-0.8035	0.0273
MEG2522	0.0871	-0.0561	0.0223	0.8294	-0.558	0.0273
MEG2523	0.0871	-0.0561	0.0223	0.8294	-0.558	0.0273
MEG2521	0.0871	-0.0561	0.0223	0.8294	-0.558	0.0273
MEG2533	0.0767	-0.0728	-0.0104	0.7119	-0.6982	0.0759
MEG2532	0.0767	-0.0728	-0.0104	0.7119	-0.6982	0.0759
MEG2531	0.0767	-0.0728	-0.0104	0.7119	-0.6982	0.0759
MEG2543	0.0498	-0.0925	-0.0088	0.4216	-0.9012	0.1005
MEG2542	0.0498	-0.0925	-0.0088	0.4216	-0.9012	0.1005
MEG2541	0.0498	-0.0925	-0.0088	0.4216	-0.9012	0.1005
MEG2612	0.1096	0.0067	0.0167	0.9978	-0.0658	-0.011
MEG2613	0.1096	0.0067	0.0167	0.9978	-0.0658	-0.011
MEG2611	0.1096	0.0067	0.0167	0.9978	-0.0658	-0.011
MEG2623	0.1078	-0.0136	-0.0157	0.9751	-0.2184	0.0377
MEG2622	0.1078	-0.0136	-0.0157	0.9751	-0.2184	0.0377
MEG2621	0.1078	-0.0136	-0.0157	0.9751	-0.2184	0.0377
MEG2633	0.0961	-0.0454	-0.0128	0.8783	-0.4746	0.0573
MEG2632	0.0961	-0.0454	-0.0128	0.8783	-0.4746	0.0573
MEG2631	0.0961	-0.0454	-0.0128	0.8783	-0.4746	0.0573
MEG2642	0.1026	-0.0261	0.0198	0.9452	-0.3265	0.0044
MEG2643	0.1026	-0.0261	0.0198	0.9452	-0.3265	0.0044
MEG2641	0.1026	-0.0261	0.0198	0.9452	-0.3265	0.0044